207407
585396
848840
610705
984791
476764.81
215439.23
557080.33
506585.41
285402.12
0
4767909
9564225
6568594
738150
8568661
8579297
1107863
136765
1448742
5902941
7431482
5438453
9369496
217688
9828840
9665187
7452867
9785399
8691450
4689202
222967
6086472
1957047
372772
3308450
9441155
7977399
2376962
967555
5897522
7282105
1443115
2857128
1671585
2907614
7633830
3994305
8621360
7830843
478.93
4824.69
879.39
-287.34
1445.88
2344.07
67.29
8225.45
8818.13
1250.24
9666.5
1078.47
5699.91
9638.6
4923.97
4853.3
8682.55
5722.97
4402.56
1020.37
9790.41
9980.68
4000.08
2850.68
2622.65
2059.96
3779.93
88.15
1985.91
559.8
-759.41
5083.99
9016.53
3609.92
4200.6
4437.35
6862.04
855.15
6329.37
3165.2
3595.74
7094.92
2329.2
1453.2
7311.41
1819.43
9393.21
7649.71
2896.4
2058.55
0
-4534826
7489694
7079662
-9987510
-9992134
272020
5707281
-7051144
1721958
9665480
-2633538
-7369368
15264
-4237041
1671589
7821071
9126881
3078672
3996106
-8335826
6890590
7946614
1697603
-625828
6452457
-2422491
9468829
5355182
-5608274
-8601669
-1985839
-7290119
5650483
3723395
4129453
5991596
1887605
-6876315
595425
-1907915
4483035
1334909
-825964
2610749
-1457410
-296616
9878424
-9567707
-9792432
-7481322
-5380066
-9813041
4719670
-4044289
9788615
7618890
-6438229
9837639
6835266
9097936
-5041799
-2177642
5075263
-5044958
207155
-7941244
7493490
-9830180
2607293
6602951
-5212808
3069742
-4976074
-2352319
-9996495
9993875
-9216064
4777373
-1797798
1876139
-6873875
-9362214
-8614040
8632327
1760378
195604
-171512
-3601675
9406614
-7783633
3038435
9721144
2000266
-3076890
4836869
2176659
1413954
-8139177
4956352
6250723
7536965
-2436404
-4860834
-3522417
5510844
-5237955
2230510
-2232000
87123
357197
-3304353
-888872
6641353
-4092558
4618810
6138022
-9618102
-6270662
2945775
5687748
77163
-1510887
-2978866
637882
-318167
7400957
-2035508
-6057154
8621736
-9589699
9380505
4952962
1346760
4332027
1166158
4708656
-6193912
-842413
-1111846
1586152
-924777
224776
-3846682
-670463
4099193
7784162
-1603798
9434407
2981204
-9025937
-841986
-441523
-2159884
-4264580
-8859989
2607746
565671
4914053
997166
6120562
-6373832
-3208469
-2987439
-6631596
-4151944
5394392
877978
-2717565
-2921942
-2441365
-9606875
7472908
9594046
5740480
-9544984
-4624920
-345514
-7855830
8300826
5873075
-8266017
-4020912
3046376
-8000968
9908795
9683259
3954916
8370775
1228605
-4679242
5425462
885288
-7411201
7867987
7023706
-2684824
-9761123
-5665437
-7808652
-7844582
7536258
5718388
-367997
713495
1114384
-8776340
2292603
-6858711
-1200845
481810
-163640
-180738
-9422203
3398961
-5784302
615197
-8176671
-6740933
-3230586
-5357539
2452409
367588
-2073542
5467280
-7239671
6002567
4720222
-3363724
-9973656
-7134692
-4619404
-2912623
-9035353
4531213
-1476321
648000
-9661922
256173
-9173502
-4078645
9945642
3033431
825399
-3468865
22573
7594299
9065447
-3451894
-56711
2781722
7084148
311105
-779705
55975
-143325
-8373595
2576693
8424852
5745848
1651494
-6778513
-4113030
773732
-561768
-6039904
2837983
-6393641
1355333
-304605
-8658930
-5978979
-1383464
1389909
-6188027
450927
5864800
7122054
4376293
-6938770
-2231412
-5786689
1732982
-903205
-5278794
-1134972
8967527
4642739
9962310
1343423
6769805
-275664
1921171
-5793739
6044895
1368581
-596189
-3862934
4984842
3439641
-1018258
2274976
-9408896
-6705029
-4477545
-9527616
8474962
-6711512
-1888696
-7209678
-7880028
-6877658
-6448543
-1899156
-7782854
-4986144
5421503
1272679
5616722
4732076
-6134930
9817367
-2970509
1932146
-187689
-9210917
-3124227
-5602719
2117762
4605455
6515148
-1226090
3297803
-524010
-3844970
-2086441
3229553
-2815592
5208443
-8088135
-5950664
-8170058
7441745
-1893726
353646
-4553749
-7582385
5094402
3630248
7403616
-4161638
-6636678
-805031
-2347442
289735
4571714
-9201149
-6731811
1914145
-4497481
7117208
2034605
9343615
-3535521
9835560
-9581715
9144663
-8609409
6958892
3291362
-130367
-1221992
277662
-1497830
2155400
221019
118172
-4722647
-2683611
35479
-9022283
-7770161
-796225
-220377
-7188996
6877329
-1343221
-402346
9712210
3895540
-4920055
4952939
1468076
-2034070
-189693
-6413120
-5278631
6739853
4712136
-8141547
252023.7
-6531.084
-4064.726
4912.787
-5665.677
-1888.759
-8949.154
1685.848
-1465.366
8045.281
5457.041
4857.039
-2371.694
4862.982
4268.607
-172.226
7352.727
4458.322
-8207.24
2537.954
-5362.036
3534.956
2674.4
-3869.548
-1788.518
-635.063
-8077.955
-2269.223
-4361.065
-7814.64
9484.874
7818.032
-2785.061
6362.016
-6523.783
-836.265
3566.247
-7772.873
-4231.928
-8208.975
715.066
7488.093
-6924.563
8717.379
-8030.319
-8458.918
-7810.548
-8000.963
9255.696
-8035.144
-4216.649
-3006.16
-3226.471
-588.122
9322.852
-6008.83
8439.828
-6970.178
2478.277
-8115.109
-3071.862
7881.389
-1338.523
9482.825
-966.027
-3259.336
9536.387
3131.874
8154.849
-6375.944
-627.665
8474.156
587.835
-711.233
1068.25
4918.962
2033.874
8544.57
-3616.752
-4298.899
-2352.902
4721.149
-7737.918
-2648.925
-4577.679
564.663
8857.781
7334.713
2538.746
6549.853
-7614.553
8245.156
-6640.949
6786.819
-1315.708
3357.353
-6706.072
6373.186
-4098.004
-4028.129
-2745.574
8376.065
9436.864
3661.388
-3575.292
-1259.362
2408.939
-6458.156
-7076.029
8011.109
-3069.794
-3370.906
5051.412
8069.285
-5432.346
-4708.398
4774.457
1241.164
-7050.032
-6422.053
4894.018
-6666.15
-2939.496
-3100.154
-7662.057
-1.055
7682.73
6682.459
7887.013
222.266
9250.168
-3875.764
-8671.459
-9770.559
452.631
-1150.163
-9267.657
-6819.64
6859.615
2656.528
-1815.493
3264.051
5268.191
5309.219
-9678.494
7579.006
-826.999
-7012.657
-4377.268
-7604.787
3046.612
7356.325
-5068.448
4305.887
-8918.564
8393.381
3844.908
8721.766
5155.176
4049.478
786.129
6453.861
3934.864
-1693.877
-7799.053
-240.762
2404.288
-2278.965
-622.667
7831.549
-7547.379
7958.764
-6333.593
-9221.113
-7439.981
-1492.019
4622.439
-7493.924
-535.417
6816.213
-6390.355
-3972.648
8218.346
-4801.814
683.475
3559.192
-4676.266
2258.018
7178.426
-8772.268
866.24
-3441.47
9007.981
-7155.861
2907.213
-7136.422
8945.248
-9814.586
-9006.402
-7597.154
2785.673
2207.162
8856.154
-5267.136
2654.194
-1922.405
-454.742
2379.006
-2026.528
-1979.669
-2313.914
4556.589
-1021.269
-8898.277
7620.156
-126.98
-7340.816
-3324.706
2009.453
-3200.549
-5965.236
9087.154
-139.026
-2723.347
7862.437
-3106.361
8841.23
3290.684
-2842.887
9702.341
-8054.834
2581.223
486.486
-8155.671
-2761.774
3380.166
4607.885
4236.732
-4281.737
-2443.125
-7958.034
-1986.975
6631.769
5008.004
7379.407
-2886.559
-6458.377
-1859.495
-6128.93
8884.082
929.722
-430.415
4280.594
-7670.871
9921.539
1477.166
-5746.391
-6826.535
-2346.609
-1083.048
4282.648
-7272.066
-762.946
-5939.149
5207.447
-831.632
4190.465
-6538.003
8496.136
-6845.5
8054.215
-8666.304
-6452.946
8759.175
1939.743
-966.758
-3876.583
-7840.187
7470.53
4873.909
566.378
6955.325
-2723.591
-2756.678
6328.468
3310.061
5940.235
9111.908
-3663.274
4081.481
9884.384
-5222.874
4390.4
5680.568
2651.278
-2201.143
4070.777
-8677.878
6650.794
1455.701
7858.033
-4231.525
3157.417
-5213.297
-9371.917
-589.957
-4863.131
2811.737
3920.827
6477.502
-1721.568
-5006.609
-7939.523
-3564.714
5734.741
431.968
-7699.053
4848.666
1823.09
5797.923
-504.834
-7370.341
2765.933
-1862.175
4289.576
-2764.687
-9824.472
9149.162
3448.556
-60.063
-7388.714
-9966.725
6962.825
657.264
6641.489
7446.891
723.976
9398.271
4247.858
-8314.48
1791.902
-1572.482
-5632.424
2281.24
-8992.794
1800.666
3457.784
8827.957
5958.58
3953.952
-8471.232
-4996.239
-8427.152
-6788.666
828.655
-7331.691
4123.806
9611.126
5594.295
-9207.895
-4645.023
-7817.907
-9395.154
-8142.002
5086.934
-5103.606
5112.46
6355.04
6699.171
652.694
4509.294
-8025.016
-1299.12
8994.851
5476.218
-7719.047
-6268.423
-8264.206
7590.367
-7736.166
-2511.328
-4122.939
-6894.874
-5653.999
-9708.383
8510.888
55.186
-97.115
-5946.481
4306.384
2988.925
4397.051
-6856.804
9587.511
-5720.453
9546.867
-4642.922
3922.716
-1947.075
3739.198
5968.427
8483.528
-2229.255
7103.648
-5226.239
-8809.823
-8231.442
2399.297
-4421.414
-1358.173
4776.851
-7747.63
3871.638
2101.415
321.735
6936.862
8240.435
-8958.229
9471.126
-1821.937
-5742.993
-465.654
-4442.746
-5557.877
-8852.765
4027.779
2076.969
8217.057
-776.62
2870.888
9696.37
2229.284
-1168.565
5400.585
-6488.074
7979.224
5943.022
3451.995
7715.26
1221.491
-1000.411
-4955.883
-8247.561
-7458.212
3757.824
-646.081
-8545.702
-6055.698
-1885.703
-2438.19
-2182.713
-1479.28
-3680.529
9673.073
3251.306
3535.315
1756.059
4813.723
-3964.675
7138.371
-4442.813
-4951.644
-7348.918
1757.23
5712.457
-8325.728
-7668.323
5188.931
-8322.455
3001.283
5208.747
-126.489
-1783.341
-6453.411
4999.727
-2566.614
-7581.641
5974.06
-3126.144
3663.951
8862.744
-5045.254
5538.78
2319.102
-4675.975
-5739.63
8196.878
9156.925
1119.139
222.604
-3252.198
5814.757
-1909.529
-1697.516
7335.821
9803.855
5223.125
-6629.513
7553.607
3318.875