207407
585396
848840
610705
984791
476764.81
215439.23
557080.33
506585.41
285402.12
0
4767909
9564225
6568594
738150
8568661
8579297
1107863
136765
1448742
5902941
7431482
5438453
9369496
217688
9828840
9665187
7452867
9785399
8691450
4689202
222967
6086472
1957047
372772
3308450
9441155
7977399
2376962
967555
5897522
7282105
1443115
2857128
1671585
2907614
7633830
3994305
8621360
7830843
478.93
4824.69
879.39
-287.34
1445.88
2344.07
67.29
8225.45
8818.13
1250.24
9666.5
1078.47
5699.91
9638.6
4923.97
4853.3
8682.55
5722.97
4402.56
1020.37
9790.41
9980.68
4000.08
2850.68
2622.65
2059.96
3779.93
88.15
1985.91
559.8
-759.41
5083.99
9016.53
3609.92
4200.6
4437.35
6862.04
855.15
6329.37
3165.2
3595.74
7094.92
2329.2
1453.2
7311.41
1819.43
9393.21
7649.71
2896.4
2058.55